0 0.0000070000
1 0.0000060000
2 0.0000050000
3 0.0000060000
4 0.0000060000
5 0.0000050000
6 0.0000060000
7 0.0000050000
8 0.0000060000
9 0.0000190000
10 0.0000060000
11 0.0000060000
12 0.0000060000
13 0.0000060000
14 0.0000050000
15 0.0000050000
16 0.0000060000
17 0.0000070000
18 0.0000060000
19 0.0000060000
20 0.0000060000
21 0.0000060000
22 0.0000060000
23 0.0000060000
24 0.0000060000
25 0.0000050000
26 0.0000050000
27 0.0000070000
28 0.0000050000
29 0.0000060000
30 0.0000050000
31 0.0000060000
32 0.0000060000
33 0.0000060000
34 0.0000050000
35 0.0000060000
36 0.0000060000
37 0.0000060000
38 0.0000050000
39 0.0000060000
40 0.0000060000
41 0.0000060000
42 0.0000060000
43 0.0000050000
44 0.0000060000
45 0.0000050000
46 0.0000060000
47 0.0000050000
48 0.0000060000
49 0.0000050000
