0 0.0000070000
1 0.0000060000
2 0.0000060000
3 0.0000050000
4 0.0000050000
5 0.0000050000
6 0.0000050000
7 0.0000050000
8 0.0000050000
9 0.0000050000
10 0.0000050000
11 0.0000050000
12 0.0000050000
13 0.0000050000
14 0.0000050000
15 0.0000050000
16 0.0000050000
17 0.0000050000
18 0.0000050000
19 0.0000050000
20 0.0000050000
21 0.0000060000
22 0.0000050000
23 0.0000050000
24 0.0000050000
25 0.0000050000
26 0.0000050000
27 0.0000050000
28 0.0000040000
29 0.0000050000
30 0.0000050000
31 0.0000050000
32 0.0000050000
33 0.0000050000
34 0.0000050000
35 0.0000050000
36 0.0000050000
37 0.0000050000
38 0.0000050000
39 0.0000050000
40 0.0000050000
41 0.0000050000
42 0.0000050000
43 0.0000050000
44 0.0000040000
45 0.0000050000
46 0.0000050000
47 0.0000050000
48 0.0000040000
49 0.0000050000
50 0.0000050000
51 0.0000050000
52 0.0000050000
53 0.0000050000
54 0.0000050000
55 0.0000050000
56 0.0000060000
57 0.0000050000
58 0.0000050000
59 0.0000060000
60 0.0000050000
61 0.0000050000
62 0.0000060000
63 0.0000050000
64 0.0000050000
65 0.0000050000
66 0.0000050000
67 0.0000050000
68 0.0000050000
69 0.0000050000
70 0.0000050000
71 0.0000060000
72 0.0000050000
73 0.0000050000
74 0.0000060000
75 0.0000050000
76 0.0000060000
77 0.0000050000
78 0.0000050000
79 0.0000060000
80 0.0000050000
81 0.0000050000
82 0.0000050000
83 0.0000050000
84 0.0000050000
85 0.0000050000
86 0.0000050000
87 0.0000060000
88 0.0000050000
89 0.0000050000
90 0.0000060000
91 0.0000050000
92 0.0000050000
93 0.0000050000
94 0.0000050000
95 0.0000050000
96 0.0000050000
97 0.0000060000
98 0.0000050000
99 0.0000050000
