0 0.0000050000
1 0.0000040000
2 0.0000040000
3 0.0000040000
4 0.0000040000
5 0.0000030000
6 0.0000030000
7 0.0000040000
8 0.0000040000
9 0.0000040000
10 0.0000040000
11 0.0000030000
12 0.0000040000
13 0.0000040000
14 0.0000040000
15 0.0000040000
16 0.0000040000
17 0.0000040000
18 0.0000030000
19 0.0000040000
20 0.0000040000
21 0.0000040000
22 0.0000040000
23 0.0000040000
24 0.0000030000
25 0.0000040000
26 0.0000040000
27 0.0000040000
28 0.0000040000
29 0.0000040000
30 0.0000040000
31 0.0000040000
32 0.0000030000
33 0.0000040000
34 0.0000040000
35 0.0000030000
36 0.0000030000
37 0.0000030000
38 0.0000030000
39 0.0000040000
40 0.0000040000
41 0.0000040000
42 0.0000030000
43 0.0000040000
44 0.0000040000
45 0.0000040000
46 0.0000040000
47 0.0000040000
48 0.0000040000
49 0.0000040000
50 0.0000030000
51 0.0000040000
52 0.0000040000
53 0.0000040000
54 0.0000040000
55 0.0000290000
56 0.0000040000
57 0.0000030000
58 0.0000040000
59 0.0000040000
60 0.0000040000
61 0.0000040000
62 0.0000040000
63 0.0000040000
64 0.0000040000
65 0.0000030000
66 0.0000040000
67 0.0000040000
68 0.0000040000
69 0.0000040000
70 0.0000040000
71 0.0000040000
72 0.0000200000
73 0.0000040000
74 0.0000040000
75 0.0000040000
76 0.0000040000
77 0.0000040000
78 0.0000040000
79 0.0000040000
80 0.0000040000
81 0.0000040000
82 0.0000040000
83 0.0000040000
84 0.0000050000
85 0.0000040000
86 0.0000040000
87 0.0000040000
88 0.0000040000
89 0.0000040000
90 0.0000040000
91 0.0000050000
92 0.0000040000
93 0.0000040000
94 0.0000040000
95 0.0000040000
96 0.0000040000
97 0.0000040000
98 0.0000040000
99 0.0000040000
