0 0.0000038125
1 0.0000040275
2 0.0000037975
3 0.0000037650
4 0.0000037625
5 0.0000037675
6 0.0000037625
7 0.0000037650
8 0.0000037675
9 0.0000037775
10 0.0000037700
11 0.0000037750
12 0.0000037750
13 0.0000037700
14 0.0000037725
15 0.0000037675
16 0.0000037700
17 0.0000037650
18 0.0000037800
19 0.0000037700
20 0.0000037700
21 0.0000037650
22 0.0000037650
23 0.0000038675
24 0.0000037650
25 0.0000037625
26 0.0000037675
27 0.0000037750
28 0.0000037700
29 0.0000037625
30 0.0000037700
31 0.0000037650
32 0.0000037650
33 0.0000037600
34 0.0000037675
35 0.0000038600
36 0.0000037700
37 0.0000037675
38 0.0000038575
39 0.0000037650
40 0.0000037750
41 0.0000037650
42 0.0000037625
43 0.0000037700
44 0.0000037800
45 0.0000037775
46 0.0000037725
47 0.0000037675
48 0.0000037700
49 0.0000038600
50 0.0000037700
51 0.0000037750
52 0.0000037700
53 0.0000037725
54 0.0000037675
55 0.0000038575
56 0.0000037650
57 0.0000037675
58 0.0000141221
59 0.0000040596
60 0.0000040596
61 0.0000040546
62 0.0000040537
63 0.0000040546
64 0.0000141150
65 0.0000037650
66 0.0000037850
67 0.0000042000
68 0.0000037850
69 0.0000037950
70 0.0000037825
71 0.0000042175
72 0.0000040567
73 0.0000040596
74 0.0000040546
75 0.0000040654
76 0.0000040663
77 0.0000040546
78 0.0000041629
79 0.0000040567
80 0.0000040663
81 0.0000040575
82 0.0000041717
83 0.0000040517
84 0.0000040596
85 0.0000040654
86 0.0000040633
87 0.0000040546
88 0.0000041629
89 0.0000040654
90 0.0000040604
91 0.0000040596
92 0.0000040567
93 0.0000040487
94 0.0000041629
95 0.0000040654
96 0.0000040567
97 0.0000040517
98 0.0000040567
99 0.0000040625
