0 2.281840
1 2.286172
2 2.281601
3 2.281541
4 2.281238
5 2.281383
6 2.281381
7 2.281051
8 2.280933
9 2.281324
10 2.280927
11 2.280945
12 2.281737
13 2.280914
14 2.290074
15 2.281041
16 2.280889
17 2.280961
18 2.281395
19 2.281002
20 2.282646
21 2.281664
22 2.328087
23 2.290825
24 2.285616
25 2.282348
26 2.281329
27 2.282145
28 2.281103
29 2.281396
30 2.281536
31 2.281040
32 2.282399
33 2.281348
34 2.281096
35 2.281060
36 2.281714
37 2.285397
38 2.286127
39 2.281238
40 2.284004
41 2.281457
42 2.281356
43 2.280915
44 2.282144
45 2.280969
46 2.280991
47 2.281156
48 2.281039
49 2.281337
