0 0.000005
1 0.000004
2 0.000004
3 0.000004
4 0.000004
5 0.000004
6 0.000004
7 0.000004
8 0.000004
9 0.000004
10 0.000004
11 0.000004
12 0.000004
13 0.000004
14 0.000004
15 0.000004
16 0.000004
17 0.000004
18 0.000004
19 0.000004
20 0.000004
21 0.000004
22 0.000004
23 0.000005
24 0.000004
25 0.000004
26 0.000004
27 0.000004
28 0.000005
29 0.000004
30 0.000004
31 0.000004
32 0.000004
33 0.000004
34 0.000004
35 0.000004
36 0.000004
37 0.000004
38 0.000004
39 0.000004
40 0.000004
41 0.000004
42 0.000004
43 0.000004
44 0.000004
45 0.000004
46 0.000004
47 0.000004
48 0.000004
49 0.000004
