0 1.826403
1 1.803274
2 1.802553
3 1.802289
4 1.802088
5 1.801700
6 1.801299
7 1.801877
8 1.802332
9 1.805390
10 1.802235
11 1.801486
12 1.801920
13 1.801456
14 1.801596
15 1.801865
16 1.801496
17 1.802237
18 1.801940
19 1.801889
20 1.802084
21 1.802117
22 1.802139
23 1.802870
24 1.801650
25 1.802283
26 1.801251
27 1.802404
28 1.802534
29 1.802627
30 1.802741
31 1.800909
32 1.804144
33 1.801937
34 1.801740
35 1.802801
36 1.802153
37 1.801695
38 1.801946
39 1.802171
40 1.802839
41 1.800841
42 1.801657
43 1.798822
44 1.799709
45 1.799915
46 1.801428
47 1.798260
48 1.799339
49 1.801664
50 1.793597
51 1.800981
52 1.800047
53 1.802014
54 1.802082
55 1.797827
56 1.801425
57 1.792354
58 1.801122
59 1.801544
60 1.800739
61 1.795387
62 1.801754
63 1.798472
64 1.801848
65 1.804504
66 1.800449
67 1.802638
68 1.796030
69 1.793681
70 1.801901
71 1.800304
72 1.803552
73 1.802001
74 1.846085
75 1.799871
76 1.801904
77 1.799829
78 1.798660
79 1.803223
80 1.801167
81 1.800702
82 1.803544
83 1.802935
84 1.801838
85 1.800148
86 1.798889
87 1.801651
88 1.801753
89 1.800180
90 1.801398
91 1.798563
92 1.801860
93 1.802162
94 1.801257
95 1.800191
96 1.804799
97 1.801614
98 1.800478
99 1.800562
