0 1.826529
1 1.803303
2 1.802564
3 1.802296
4 1.802124
5 1.801748
6 1.801304
7 1.801883
8 1.802333
9 1.805414
10 1.802241
11 1.801490
12 1.801926
13 1.801460
14 1.801597
15 1.801869
16 1.801497
17 1.802238
18 1.801945
19 1.801890
20 1.802089
21 1.802118
22 1.802143
23 1.802877
24 1.801654
25 1.802284
26 1.801255
27 1.802405
28 1.802534
29 1.802631
30 1.802741
31 1.800913
32 1.804144
33 1.801942
34 1.801748
35 1.802805
36 1.802154
37 1.801699
38 1.801947
39 1.802172
40 1.802843
41 1.800850
42 1.801662
43 1.798859
44 1.799739
45 1.799917
46 1.801432
47 1.798260
48 1.799358
49 1.801670
50 1.793598
51 1.800987
52 1.800065
53 1.802020
54 1.802083
55 1.797837
56 1.801444
57 1.792361
58 1.801122
59 1.801545
60 1.800758
61 1.795388
62 1.801759
63 1.798473
64 1.801871
65 1.804505
66 1.800460
67 1.802644
68 1.796048
69 1.793686
70 1.801902
71 1.800309
72 1.803568
73 1.802020
74 1.846090
75 1.799881
76 1.801928
77 1.799845
78 1.798666
79 1.803224
80 1.801186
81 1.800703
82 1.803548
83 1.802975
84 1.801843
85 1.800164
86 1.798903
87 1.801652
88 1.801753
89 1.800204
90 1.801399
91 1.798567
92 1.801861
93 1.802182
94 1.801258
95 1.800196
96 1.804801
97 1.801636
98 1.800479
99 1.800563
