0 1.826531
1 1.803295
2 1.802556
3 1.802287
4 1.802116
5 1.801741
6 1.801296
7 1.801876
8 1.802325
9 1.805407
10 1.802234
11 1.801483
12 1.801918
13 1.801452
14 1.801590
15 1.801862
16 1.801490
17 1.802231
18 1.801937
19 1.801882
20 1.802082
21 1.802112
22 1.802136
23 1.802869
24 1.801647
25 1.802278
26 1.801249
27 1.802398
28 1.802527
29 1.802624
30 1.802734
31 1.800906
32 1.804137
33 1.801936
34 1.801741
35 1.802799
36 1.802147
37 1.801692
38 1.801940
39 1.802165
40 1.802837
41 1.800844
42 1.801656
43 1.798853
44 1.799733
45 1.799911
46 1.801426
47 1.798254
48 1.799352
49 1.801664
50 1.793592
51 1.800981
52 1.800059
53 1.802015
54 1.802077
55 1.797832
56 1.801438
57 1.792355
58 1.801116
59 1.801540
60 1.800752
61 1.795381
62 1.801754
63 1.798468
64 1.801866
65 1.804499
66 1.800454
67 1.802638
68 1.796043
69 1.793680
70 1.801897
71 1.800304
72 1.803562
73 1.802014
74 1.846085
75 1.799877
76 1.801922
77 1.799840
78 1.798661
79 1.803218
80 1.801181
81 1.800698
82 1.803543
83 1.802969
84 1.801838
85 1.800159
86 1.798898
87 1.801647
88 1.801748
89 1.800200
90 1.801393
91 1.798562
92 1.801856
93 1.802177
94 1.801253
95 1.800192
96 1.804796
97 1.801632
98 1.800474
99 1.800558
